x	y
0	0.0
1	0.0016890157199999998
2	0.0028677196999999997
3	0.00424225922
4	0.00976238062
5	0.012438261619999998
6	0.0134650321
7	0.01458006392
8	0.0157814188
9	0.0126431722
10	0.012535649400000001
11	0.012095655799999999
12	0.012225572199999998
13	0.012489678799999996
14	0.012017014599999995
15	0.011563209399999996
16	0.011757324399999996
17	0.0120757434
18	0.0117108092
19	0.013282729599999998
20	0.014304902399999991
21	0.016202989799999994
22	0.01579227919999999
23	0.018617956599999992
24	0.018595592399999993
25	0.0181305826
26	0.0170201056
27	0.018740656
28	0.0169027912
29	0.016643430199999996
30	0.017641572399999993
31	0.017248109999999994
32	0.015947503399999997
33	0.016264173000000003
34	0.016550968600000004
35	0.016162953200000007
36	0.01772084140000001
37	0.017740228400000002
38	0.018243123800000004
39	0.0185717236
40	0.018476646399999998
41	0.0176198356
42	0.018037084800000013
43	0.017805079800000012
44	0.02042425880000003
45	0.020516416200000043
46	0.020903517600000043
47	0.02087319700000003
48	0.01938611960000003
49	0.016952749600000018
50	0.015771126000000014
51	0.014333254200000001
52	0.014536141800000003
53	0.015474046799999997
54	0.015831628799999997
55	0.01746430939999999
56	0.020621414399999982
57	0.01989371259999999
58	0.021583067799999987
59	0.0204426746
60	0.019444070200000007
61	0.01705533140000002
62	0.018688893600000013
63	0.018803097
64	0.01856820160000001
65	0.018261171199999992
66	0.018983587600000008
67	0.017659826600000005
68	0.016943086200000002
69	0.018280378999999992
70	0.020282642000000007
71	0.0207764654
72	0.0360483222
73	0.03614258240000003
74	0.03588717940000001
75	0.03905875060000001
76	0.03898456500000003
77	0.025108161800000018
78	0.025723292599999992
79	0.025243586800000006
80	0.02274347360000002
81	0.021500524
82	0.02592332879999999
83	0.0250772902
84	0.024722402999999993
85	0.024406866599999955
86	0.025937168199999937
87	0.021878601799999942
88	0.020243510999999926
89	0.02130264079999993
90	0.025007490999999948
91	0.027744867199999978
92	0.026606870399999982
93	0.026704102000000018
94	0.02558131020000003
95	0.023840230600000022
96	0.020929930399999998
97	0.022309209199999992
98	0.022117179399999954
99	0.03650791879999993
100	0.03540998019999995
101	0.03566893879999995
102	0.05169559979999998
103	0.05302061260000004
104	0.038893093400000064
105	0.038279049800000034
106	0.03842527540000003
107	0.022813532800000046
108	0.028108852799999973
109	0.03911579459999999
110	0.04048567580000002
111	0.04008462600000007
112	0.03888305900000004
113	0.04118001520000005
114	0.030986986400000038
115	0.031746822200000045
116	0.03509720119999997
117	0.035356772
118	0.02820736520000002
119	0.03152523680000004
120	0.03306344320000001
121	0.03863392800000005
122	0.03878784600000005
123	0.039305041000000075
124	0.03945228700000003
125	0.03655964520000001
126	0.026742103000000038
127	0.02507653200000002
128	0.026944974199999992
129	0.024170066599999984
130	0.023293388999999998
131	0.024241909999999933
132	0.0309416141999999
133	0.02847512579999991
134	0.03161443839999993
135	0.03278626599999992
136	0.03495279079999998
137	0.03342052799999999
138	0.03573322340000003
139	0.035520074400000025
140	0.04033179040000005
141	0.04410437060000003
142	0.05006237900000006
143	0.05273764280000002
144	0.04946601160000004
145	0.04920838200000004
146	0.046344354400000044
147	0.03856723139999998
148	0.03333697319999995
149	0.03499740819999993
150	0.03277857679999992
151	0.03081523199999996
152	0.030321949000000004
153	0.03428854180000007
154	0.03963823580000012
155	0.04295899460000019
156	0.04626098980000011
157	0.05091191180000019
158	0.07315670440000019
159	0.06902898340000015
160	0.0648869556000001
161	0.06340044700000007
162	0.060052372200000016
163	0.03795501879999996
164	0.04111435659999998
165	0.04047179959999987
166	0.038463080000000004
167	0.037665133399999995
168	0.040388541199999926
169	0.03565820119999987
170	0.036095658799999875
171	0.03639680839999979
172	0.04680034979999981
173	0.044062349599999884
174	0.044095984399999996
175	0.04457385540000001
176	0.04780973240000001
177	0.03927064139999992
178	0.038665984599999884
179	0.039948533599999794
180	0.039001964199999864
181	0.04158652539999981
182	0.04204238319999991
183	0.04312996299999998
184	0.046269320800000104
185	0.04865858000000003
186	0.046826536000000016
187	0.047763991399999914
188	0.0497375375999999
189	0.049671752599999765
190	0.05147924519999982
191	0.06896725179999982
192	0.06750722099999998
193	0.06406437559999993
194	0.060356583799999974
195	0.05685738919999998
196	0.0362818218000001
197	0.034476657399999944
198	0.037218786199999875
199	0.04151629819999982
200	0.042542200399999786
201	0.048761419999999764
202	0.050196164399999785
203	0.0523610227999999
204	0.04963427159999991
205	0.05157124519999989
206	0.05032860959999983
207	0.05037345099999992
208	0.04823449559999986
209	0.050761850600000005
210	0.049821936000000025
211	0.05704664319999999
212	0.06592925879999996
213	0.0686401194
214	0.07324543319999996
215	0.07384424720000009
216	0.06532685120000022
217	0.05898344040000012
218	0.05826347580000011
219	0.05888629280000011
220	0.05942625820000007
221	0.060635571399999935
222	0.05915785499999995
223	0.05914939619999995
224	0.05204519399999992
225	0.049417270599999875
226	0.04685435519999999
227	0.06342109600000008
228	0.0629521994000001
229	0.06182809340000013
230	0.06183325780000004
231	0.05930323959999999
232	0.04447821960000002
233	0.0404885801999999
234	0.04251391319999982
235	0.042457969600000034
236	0.04766305620000022
237	0.04854563160000005
238	0.05525305340000024
239	0.0541894874000004
240	0.06491212320000024
241	0.06800390279999995
242	0.07938522940000006
243	0.09917496859999986
244	0.10137005379999983
245	0.09612621939999996
246	0.09770834260000001
247	0.09754477659999986
248	0.07765713860000005
249	0.08349885239999999
250	0.08612042579999972
251	0.08660634499999986
252	0.07471609820000005
253	0.07772963299999987
254	0.06854151639999984
255	0.06855416880000006
256	0.06343899459999988
257	0.12763014539999987
258	0.12215205880000006
259	0.12639771500000024
260	0.12139429900000032
261	0.1306841312000003
262	0.06945388980000047
263	0.07957238560000021
264	0.07887973680000009
265	0.07801880459999992
266	0.06841458980000006
267	0.06694110319999994
268	0.07375178519999999
269	0.07098384279999977
270	0.07378805499999963
271	0.07730860799999953
272	0.07716627279999955
273	0.05935272939999976
274	0.07531873000000004
275	0.07538452220000025
276	0.06982072020000026
277	0.06985612260000025
278	0.07381618759999994
279	0.06497866099999997
280	0.06340714259999984
281	0.0659639932000001
282	0.06701739360000011
283	0.07440942800000024
284	0.06878609120000015
285	0.06787397860000013
286	0.06937931319999997
287	0.06739709579999982
288	0.0650780661999999
289	0.09915933359999976
290	0.09779265239999972
291	0.09227058139999969
292	0.11359081519999989
293	0.11192622720000003
294	0.11766574920000003
295	0.1245806764000001
